879
163 731
85 668
11 68
229 302
49 118
231 184
383 822
119 44
667 235
346 437
690 230
677 224
396 33
463 465
308 46
759 115
369 379
61 322
769 43
488 131
847 204
412 756
189 170
83 785
62 176
51 427
331 124
337 797
649 168
307 321
232 471
476 232
107 188
438 753
607 458
48 565
220 143
10 74
113 765
674 443
457 26
326 874
271 260
444 877
25 39
58 6
196 96
720 127
542 165
116 76
384 537
381 250
176 203
83 589
554 406
314 252
417 25
10 148
866 464
1 2
695 363
233 859
500 197
541 24
212 98
163 12
37 27
425 17
414 67
608 313
506 838
86 2
110 742
133 153
286 124
7 161
269 185
758 108
583 512
45 85
173 453
400 664
814 723
245 546
400 14
793 225
149 325
213 241
648 526
29 773
519 854
723 417
184 57
262 144
689 221
335 124
178 190
15 169
860 330
543 145
350 861
344 310
32 389
267 268
236 202
452 309
509 84
548 258
137 558
291 811
106 359
792 5
214 44
93 370
250 226
287 463
411 169
614 635
146 134
363 244
127 147
470 515
169 584
14 13
572 599
159 356
42 49
9 484
587 328
245 106
120 290
138 301
86 136
728 536
394 640
58 873
707 708
203 240
201 433
311 36
1 7
747 575
561 81
298 142
25 19
352 118
266 553
364 243
521 162
250 604
275 353
25 42
183 15
641 56
375 418
385 141
233 461
90 91
31 191
401 398
405 423
372 200
229 514
293 122
17 4
644 590
510 634
243 680
417 448
315 502
740 845
17 375
310 580
100 737
287 57
160 603
255 185
285 52
28 238
592 547
359 426
23 382
460 243
150 14
614 396
271 711
73 112
569 573
209 107
755 794
325 567
367 520
160 242
556 17
267 193
11 111
725 139
77 125
218 577
291 81
402 115
101 227
544 43
220 820
588 207
53 2
182 281
627 408
790 324
13 123
157 125
63 100
247 19
8 1
288 671
620 743
351 354
19 154
171 159
77 61
30 21
317 318
428 655
662 481
9 3
170 47
626 482
239 470
270 299
10 18
341 92
610 47
15 22
773 781
92 53
569 254
428 396
726 566
24 102
816 617
670 308
53 326
458 397
72 505
761 168
72 64
413 783
257 63
285 710
349 93
120 2
215 102
818 100
430 216
779 744
630 669
17 366
82 2
55 309
252 789
315 65
697 141
156 100
1 107
388 217
309 704
654 48
36 316
657 766
182 574
486 265
423 595
100 746
643 787
295 357
117 405
807 760
780 682
219 10
834 181
802 21
210 283
682 229
142 2
115 629
374 315
353 825
638 846
833 78
656 555
4 2
10 141
858 832
233 13
33 20
49 106
109 130
92 144
12 88
230 590
441 684
108 143
84 482
307 201
38 450
130 210
134 187
535 616
415 178
118 121
740 418
185 713
688 271
182 371
201 81
45 55
110 43
479 508
222 33
104 566
839 154
582 675
378 358
849 605
216 213
385 699
90 734
532 214
95 404
498 730
237 62
211 827
245 596
535 345
261 136
369 48
744 1
665 644
142 857
196 709
79 53
185 280
630 498
8 253
277 70
840 758
803 317
354 523
127 97
342 182
571 118
748 399
127 332
795 682
729 319
307 632
446 167
656 757
597 133
108 681
549 472
360 784
434 251
727 739
405 455
485 3
692 400
5 21
726 828
623 114
78 42
406 133
17 69
95 104
55 288
503 531
157 347
685 442
770 355
519 517
184 798
804 227
300 167
306 158
373 216
24 32
167 28
616 755
242 441
390 296
108 93
102 105
33 35
772 534
51 65
249 172
149 50
126 620
660 164
211 51
850 139
334 289
456 171
1 226
135 6
525 824
724 596
140 78
725 750
479 220
113 18
368 245
723 736
395 8
564 67
97 355
89 61
45 5
55 64
539 572
715 171
85 179
65 168
239 158
213 310
26 43
31 22
864 28
645 467
173 194
145 805
815 111
37 477
837 566
495 305
89 145
555 621
9 473
412 388
71 80
99 399
618 357
69 496
585 451
487 240
67 95
2 61
28 21
296 8
15 624
495 694
104 294
491 16
733 594
13 12
661 356
422 2
2 81
334 576
550 424
173 348
402 497
663 230
124 34
791 137
220 387
85 673
245 619
428 511
493 27
1 3
343 617
682 809
137 206
41 9
37 200
32 360
314 631
658 391
213 432
676 208
51 813
107 536
45 806
555 250
823 14
721 602
440 425
35 48
253 776
304 92
749 270
358 194
98 66
340 732
565 760
601 176
282 121
445 679
498 696
100 454
450 810
122 295
155 88
23 15
871 152
151 74
420 90
525 69
447 439
782 157
27 868
39 762
435 32
774 327
703 257
638 698
394 116
559 342
528 643
229 66
236 324
54 44
292 578
59 117
683 395
153 439
44 33
24 600
290 830
35 243
518 54
307 489
266 111
79 223
4 5
368 672
25 38
777 639
409 45
114 339
808 59
750 819
22 138
843 203
103 848
56 16
419 406
67 719
188 844
120 510
305 478
116 173
185 54
50 27
856 342
23 503
193 204
246 613
605 13
158 180
99 265
30 853
14 181
612 59
129 547
36 24
15 14
636 59
206 701
39 483
313 133
62 32
561 562
591 48
28 90
829 247
26 10
20 34
260 238
276 96
180 586
96 398
103 472
13 327
10 177
173 687
863 430
264 416
102 132
527 190
421 67
341 442
500 800
872 715
187 545
197 61
429 241
638 727
264 221
342 445
831 520
81 328
4 114
278 128
71 73
219 622
42 103
4 87
570 457
51 160
16 317
365 208
158 114
138 248
552 513
220 862
38 333
383 140
408 526
751 103
26 93
75 12
310 754
97 28
752 733
450 466
267 338
377 248
477 870
443 315
79 410
745 646
237 346
328 392
169 403
855 847
134 46
31 273
235 522
12 29
200 706
9 40
182 252
96 646
336 174
764 310
568 97
36 71
139 246
254 215
126 213
241 303
397 117
83 57
41 494
70 63
152 117
12 16
425 606
17 205
204 367
268 376
104 490
361 348
141 175
625 86
154 207
225 129
144 193
582 386
501 341
202 44
539 24
173 297
51 96
386 786
560 505
95 137
309 615
142 230
279 292
633 300
424 163
251 15
13 19
393 31
162 50
609 517
22 538
192 32
323 291
208 407
447 504
693 598
109 235
373 876
474 445
368 637
351 219
278 717
126 54
718 348
178 186
575 71
84 67
563 707
19 109
221 647
775 497
242 320
469 293
451 439
279 102
49 263
340 61
76 72
95 221
60 23
666 184
85 128
232 162
333 449
464 200
272 19
230 593
101 37
768 510
557 25
10 6
425 799
540 332
628 313
4 12
442 512
241 305
51 8
533 511
108 767
280 386
312 57
32 52
86 337
239 350
197 581
869 791
431 264
105 178
181 274
32 244
339 467
867 808
63 60
229 507
127 506
118 217
119 198
803 821
521 652
24 12
712 588
51 234
438 431
472 551
182 529
653 498
133 36
530 529
20 12
653 691
131 714
57 37
228 21
482 841
67 391
223 516
73 131
37 224
563 491
196 638
16 836
409 651
677 878
37 129
408 139
10 11
705 346
119 139
470 788
284 832
475 391
85 481
32 159
182 28
738 313
164 12
51 166
796 287
414 879
579 214
127 199
56 657
144 165
270 208
678 224
763 142
835 354
594 177
812 184
256 115
771 252
256 700
741 125
319 288
343 139
159 602
686 626
121 122
842 231
778 178
41 99
436 427
143 259
528 370
619 650
472 534
875 738
339 513
826 520
46 21
642 427
408 851
1 6
142 174
380 151
